q = 2
n = 3
M = [[0,1,0],[1,0,1],[1,0,0]]
v = [0,1,1]
w = [1,0,1]

q = 2
n = 4
M = [[1,1,0,0],[1,1,1,1],[0,1,1,1],[1,0,0,1]]
v = [0,0,1,1]
w = [0,1,1,1]

q = 2
n = 5
M = [[0,1,1,0,1],[0,1,0,1,1],[1,1,1,0,1],[1,0,0,1,1],[1,1,0,0,1]]
v = [0,0,0,0,1]
w = [0,1,1,1,0]

q = 2
n = 6
M = [[0,1,0,0,1,1],[0,0,1,0,1,1],[1,1,1,1,0,0],[0,0,0,1,0,1],[1,0,0,0,1,0],[1,0,0,1,0,1]]
v = [1,0,1,0,1,0]
w = [0,1,1,0,0,0]

q = 2
n = 7
M = [[0,0,0,1,1,1,1],[1,0,1,1,1,1,1],[1,0,1,0,0,0,1],[0,0,0,1,0,1,0],[0,1,0,0,0,0,0],[1,0,0,0,0,0,0],[0,0,1,1,1,0,0]]
v = [1,0,0,1,1,1,0]
w = [0,0,1,1,1,0,0]

q = 2
n = 8
M = [[1,0,1,0,0,0,1,0],[0,1,0,1,0,0,1,0],[0,0,1,1,0,1,0,1],[1,1,1,0,0,0,0,0],[0,0,0,1,0,0,1,0],[1,0,1,1,1,1,1,0],[0,1,1,0,0,0,0,0],[0,1,1,1,1,0,0,0]]
v = [0,0,1,0,1,1,0,1]
w = [1,1,0,1,1,1,1,0]

q = 2
n = 9
M = [[0,0,0,1,0,1,0,0,1],[1,0,0,1,1,1,1,0,0],[0,1,1,1,0,0,1,0,1],[0,1,0,1,0,0,0,1,0],[0,1,0,1,0,1,0,0,0],[1,0,0,1,1,1,1,0,1],[0,1,1,1,1,1,1,0,1],[1,0,1,0,0,0,1,0,1],[1,0,0,0,1,0,1,1,1]]
v = [0,0,0,0,1,0,1,0,0]
w = [0,0,0,0,1,0,0,0,1]

q = 2
n = 10
M = [[0,0,1,0,0,1,1,0,0,0],[1,1,0,1,1,0,1,0,0,1],[1,0,1,1,1,1,1,1,1,1],[1,0,0,1,0,1,1,1,1,1],[0,0,0,0,0,1,1,1,1,0],[0,0,1,1,0,1,1,0,1,1],[0,0,1,0,0,1,0,0,1,1],[0,0,0,1,0,0,1,0,1,1],[1,0,0,1,0,0,1,0,0,0],[1,1,1,1,0,1,0,0,0,1]]
v = [1,1,0,0,1,0,1,1,1,0]
w = [1,1,0,0,1,0,0,1,0,1]

q = 2
n = 11
M = [[0,0,0,1,0,0,1,1,0,1,0],[0,0,1,1,1,0,1,1,0,1,0],[0,0,1,1,0,0,0,0,0,0,0],[1,1,1,1,0,0,1,0,0,1,0],[1,1,1,1,1,0,0,0,0,1,0],[1,0,0,0,1,1,0,1,1,0,0],[0,0,0,0,1,0,1,1,1,0,0],[0,0,1,0,1,0,1,0,0,0,0],[0,1,1,0,0,0,0,0,1,0,1],[0,1,0,0,0,0,0,1,1,0,0],[0,1,0,0,0,1,1,0,1,1,0]]
v = [1,1,0,0,1,1,0,1,1,0,0]
w = [0,1,1,0,1,1,1,1,0,0,1]

q = 2
n = 12
M = [[1,0,1,1,1,0,0,1,1,0,0,0],[1,1,1,1,0,0,0,0,1,1,0,0],[1,0,1,0,0,0,1,1,1,1,1,0],[1,1,1,0,1,1,0,0,0,1,0,1],[0,0,0,0,1,1,0,1,0,1,1,1],[1,1,1,1,1,0,1,0,1,0,0,0],[0,1,0,1,0,0,1,1,1,0,1,0],[0,1,0,0,1,0,0,1,1,0,0,0],[0,0,1,1,0,1,1,1,0,0,1,1],[1,0,0,1,0,0,0,1,1,0,0,0],[1,0,0,0,1,1,1,0,1,1,0,1],[0,0,1,1,1,1,1,1,0,1,1,0]]
v = [1,1,1,1,1,1,0,1,0,0,1,1]
w = [1,1,1,0,1,1,1,0,1,1,0,1]

q = 2
n = 13
M = [[1,1,0,1,0,1,0,1,0,1,1,0,1],[0,0,0,0,1,1,0,0,1,1,1,0,0],[0,1,0,1,1,0,1,0,0,1,1,0,1],[0,1,1,1,1,1,1,0,0,0,0,1,1],[0,0,0,1,0,1,0,1,0,1,0,0,0],[0,0,0,1,1,1,1,0,0,0,1,1,0],[1,0,1,1,1,1,0,0,0,1,0,1,1],[0,0,1,0,1,0,0,1,0,0,0,1,1],[0,1,1,0,1,0,0,0,0,0,0,0,1],[1,1,0,1,1,0,0,1,1,1,0,0,0],[0,0,0,0,0,0,0,0,0,0,0,1,0],[0,0,0,0,1,1,1,0,1,0,1,1,0],[1,1,0,1,0,0,1,0,0,0,0,0,1]]
v = [1,1,1,0,0,1,0,1,1,1,1,0,1]
w = [1,1,0,0,1,0,1,1,0,0,0,0,1]


q = 2
n = 14
M = [[1,1,1,1,0,1,0,1,1,0,0,1,0,0],[1,0,1,1,1,1,0,1,0,1,1,0,0,1],[1,0,1,1,1,1,1,0,0,1,1,0,1,0],[0,0,0,0,1,1,0,1,0,0,1,1,1,0],[1,0,1,0,1,1,0,1,1,1,1,0,1,0],[0,0,0,0,0,0,0,0,0,0,1,0,0,0],[0,1,0,0,1,1,1,1,0,0,1,1,1,0],[0,1,1,1,1,1,1,0,0,0,0,1,1,1],[0,1,0,1,0,0,0,0,1,1,1,1,1,0],[1,0,1,1,1,1,0,1,0,0,0,0,0,0],[1,1,1,0,1,1,1,1,0,1,0,0,1,1],[0,1,0,0,1,1,0,1,1,1,0,0,0,1],[0,0,0,1,0,1,0,0,0,1,1,0,1,0],[1,0,0,0,0,0,1,1,0,0,1,1,1,0]]
v = [0,0,0,1,0,1,0,0,0,1,1,1,1,0]
w = [0,1,0,1,1,1,1,0,0,1,1,0,1,0]

q = 2
n = 15
M = [[0,1,0,0,1,0,0,0,1,0,1,0,0,0,0],[1,0,0,0,1,1,0,1,0,0,1,0,0,1,0],[1,1,0,0,0,1,0,0,1,1,0,0,0,1,0],[1,0,1,0,1,0,0,0,1,1,1,0,0,1,0],[1,1,0,1,1,0,1,0,1,1,0,0,1,1,1],[0,1,0,0,1,1,0,0,0,0,1,0,1,1,0],[0,1,1,1,1,1,1,1,0,0,1,0,1,1,1],[1,1,1,0,1,0,1,0,0,0,0,0,0,1,1],[1,0,0,0,1,1,0,0,1,1,1,0,0,0,0],[1,0,1,0,0,0,0,1,1,1,1,1,1,1,0],[1,1,1,0,0,0,1,1,1,1,0,1,0,1,1],[0,1,0,0,1,0,0,0,0,0,1,1,0,1,1],[0,0,1,1,1,0,0,1,0,0,0,1,0,0,0],[0,1,0,0,0,0,0,0,1,1,0,1,1,1,0],[0,1,1,0,0,0,0,0,1,1,0,0,1,1,1]]
v = [1,0,0,1,1,0,1,0,1,1,1,0,0,1,1]
w = [1,1,1,0,0,0,1,1,0,1,1,0,1,1,0]

q = 2
n = 16
M = [[0,0,1,1,0,1,0,0,0,1,0,1,0,1,1,1],[1,0,1,1,0,1,0,1,1,1,0,0,1,0,0,1],[1,1,0,0,0,1,1,1,1,0,1,0,1,0,0,1],[0,0,0,0,0,1,0,1,1,0,1,0,0,1,0,0],[1,0,0,0,0,1,1,1,0,0,0,0,0,1,1,0],[0,0,0,1,1,0,1,1,0,0,1,1,0,1,0,0],[0,0,0,0,0,0,0,1,0,1,1,1,0,1,0,0],[1,0,0,1,0,0,0,0,1,0,1,1,0,1,1,1],[1,0,0,0,1,1,0,1,0,1,0,0,0,1,1,0],[0,0,0,1,1,1,0,0,1,0,0,1,0,0,1,1],[1,0,1,1,1,0,0,0,0,0,1,1,0,1,1,0],[1,0,1,0,1,0,1,0,1,0,1,1,0,0,1,1],[1,1,1,0,1,1,1,0,1,0,1,0,1,0,0,0],[1,0,1,1,1,0,1,0,1,0,0,0,0,0,0,0],[0,0,0,1,1,1,0,0,1,0,0,1,0,0,1,0],[0,0,0,1,1,0,0,0,0,0,0,0,0,0,0,0]]
v = [1,1,0,1,1,0,0,0,1,1,1,1,1,0,0,1]
w = [0,0,0,0,1,1,0,0,0,1,1,1,1,0,1,1]

q = 2
n = 17
M = [[0,0,0,0,1,0,0,0,1,0,1,1,0,0,1,1,0],[1,1,0,0,1,0,0,0,0,1,0,1,1,0,0,0,1],[1,1,1,0,1,1,0,1,1,0,0,1,1,0,0,1,0],[0,1,0,1,1,0,0,0,1,0,1,1,0,0,0,0,1],[1,0,0,0,1,1,1,1,1,0,1,0,1,0,1,1,0],[1,1,0,1,0,0,0,1,1,0,0,0,0,1,0,1,1],[1,0,0,1,1,1,0,1,0,1,1,0,1,1,1,0,1],[0,1,0,0,1,1,0,0,0,0,0,0,1,0,0,1,1],[1,0,1,1,1,0,0,1,1,1,0,1,1,0,1,1,0],[0,1,0,0,1,1,0,0,1,1,1,1,0,0,0,0,0],[1,1,1,1,1,1,0,1,1,0,0,1,0,0,0,0,0],[1,0,0,0,0,0,0,0,0,1,1,1,1,0,0,1,1],[1,0,0,0,0,0,0,0,0,0,1,1,0,0,1,0,0],[1,1,0,1,0,0,1,1,0,1,0,0,0,1,1,0,0],[0,0,1,1,0,0,0,1,0,0,1,0,0,0,0,0,1],[0,0,1,1,1,1,0,1,0,0,0,0,0,0,1,0,0],[0,0,0,0,0,1,0,0,0,1,0,1,1,0,1,1,1]]
v = [0,1,1,0,1,0,1,1,1,1,1,0,1,0,1,0,1]
w = [1,0,1,0,1,1,1,1,1,0,0,1,1,0,1,1,0]

q = 2
n = 18
M = [[1,1,0,1,1,0,1,0,0,1,1,1,0,1,1,0,0,1],[0,1,0,0,1,0,1,1,1,0,0,0,0,0,0,1,0,0],[0,0,1,0,1,1,1,1,1,0,0,0,0,0,0,1,0,0],[0,1,1,0,0,1,0,1,0,1,0,1,1,1,0,0,0,0],[1,0,1,1,0,1,0,0,1,0,1,0,1,1,1,0,0,1],[0,0,1,0,0,0,0,0,0,0,1,0,0,0,0,0,0,0],[0,1,0,0,1,1,0,0,1,1,1,1,0,1,0,1,0,1],[1,1,0,1,1,0,1,1,0,0,1,0,1,1,1,1,0,1],[1,0,0,1,0,0,1,0,1,1,1,1,1,1,1,0,1,1],[1,0,1,0,1,1,1,0,0,1,0,1,1,1,1,0,0,0],[0,1,1,0,1,0,1,1,1,0,0,0,1,0,0,1,0,0],[1,0,1,0,0,0,0,0,1,1,1,0,0,0,0,0,0,1],[1,1,0,0,0,1,1,1,0,0,0,0,0,0,0,0,0,0],[1,1,0,1,1,0,1,1,0,0,1,1,0,0,1,1,0,1],[1,0,1,0,0,0,1,1,1,0,0,1,0,0,0,1,1,1],[1,1,1,1,1,0,1,1,0,0,0,0,1,1,1,0,0,1],[0,1,1,1,0,1,1,1,0,1,0,1,0,0,1,0,0,0],[0,1,0,0,0,0,0,0,1,1,0,0,1,0,0,1,0,1]]
v = [1,1,1,1,0,1,1,1,1,0,0,1,1,1,0,1,1,0]
w = [1,1,1,1,0,0,1,0,0,0,1,1,0,1,1,1,1,0]

q = 2
n = 19
M = [[0,1,1,1,1,0,0,0,1,1,1,1,1,1,0,0,1,0,1],[0,1,1,1,0,1,1,0,1,0,1,1,1,0,0,1,1,1,0],[1,0,1,1,0,1,0,1,1,0,1,1,1,1,0,1,1,0,0],[1,1,1,0,1,1,1,0,1,1,0,0,1,0,1,1,0,1,0],[1,0,1,1,1,0,0,0,0,0,0,0,1,1,0,0,0,1,0],[0,1,0,0,0,0,1,1,0,0,0,1,0,1,1,0,0,0,1],[1,1,0,1,1,0,0,1,0,0,0,0,0,0,0,1,0,0,0],[1,0,0,0,0,0,0,1,1,0,0,0,0,0,1,0,0,0,0],[1,0,0,0,1,0,1,1,1,0,0,1,1,1,1,0,0,0,1],[1,1,1,0,0,0,1,1,1,0,0,0,1,0,0,1,1,0,0],[1,1,0,1,1,0,0,0,0,0,1,1,1,0,1,1,1,0,0],[1,1,1,1,0,1,1,1,1,0,0,0,0,0,0,1,0,1,1],[0,0,0,1,0,1,0,1,0,1,0,1,0,0,0,1,0,0,1],[1,0,1,0,0,1,0,0,1,0,0,0,0,1,0,0,0,1,0],[0,0,0,0,0,0,1,0,1,1,1,0,1,1,0,0,1,1,0],[0,1,0,0,1,1,0,0,1,0,0,0,1,0,1,0,0,1,1],[0,1,1,1,0,1,0,1,0,1,1,0,1,1,1,0,1,1,0],[0,1,1,1,0,1,0,0,1,1,0,1,1,1,0,1,0,1,1],[0,0,1,0,0,0,1,1,0,1,0,1,0,1,0,1,0,1,0]]
v = [0,1,1,0,1,1,0,1,0,1,0,0,1,1,1,0,0,0,0]
w = [0,1,0,1,0,0,0,1,1,1,1,0,1,0,0,0,1,0,0]

q = 2
n = 20
M = [[1,1,0,0,0,1,0,0,0,0,0,0,0,0,0,0,0,0,0,0],[1,1,0,0,0,0,1,0,1,1,0,0,1,1,0,0,1,0,0,1],[1,1,1,1,1,0,0,0,1,1,1,0,1,1,1,0,1,0,0,0],[0,0,1,0,0,0,0,0,0,0,0,1,1,1,1,0,1,0,1,0],[1,1,0,1,1,1,0,0,0,0,0,0,1,0,0,0,1,0,0,0],[0,1,1,1,0,1,0,0,0,0,1,1,0,0,1,0,1,0,1,0],[0,1,0,1,1,1,1,1,0,0,0,1,1,1,1,1,0,0,0,0],[1,0,0,1,0,1,0,0,0,0,1,1,0,0,1,0,0,0,0,0],[0,0,1,0,1,0,0,0,0,1,1,0,0,1,1,0,1,0,0,0],[1,0,1,0,1,1,1,0,0,1,0,1,1,1,0,1,0,0,1,0],[0,0,0,0,1,0,0,1,0,1,1,1,0,0,1,1,1,0,1,0],[0,1,0,0,0,0,1,1,1,1,1,0,1,1,1,1,0,1,0,0],[1,1,1,1,1,1,0,1,1,1,0,0,1,0,1,0,0,0,0,0],[1,1,0,0,0,0,0,1,0,0,0,0,0,1,1,1,0,0,0,0],[0,0,1,0,1,0,1,0,1,0,0,1,1,0,0,0,0,1,0,0],[0,1,0,0,0,0,0,1,1,1,0,0,0,0,0,1,0,1,1,1],[1,0,1,0,0,0,0,0,1,1,0,1,1,1,0,0,1,0,1,0],[1,0,0,0,0,1,0,1,1,1,0,1,1,1,0,1,1,0,0,0],[1,1,0,1,1,1,0,1,1,0,0,0,1,0,0,0,0,0,0,0],[0,1,0,0,0,0,1,0,1,1,0,1,1,0,0,1,1,0,1,1]]
v = [0,0,1,0,1,0,0,0,1,0,1,0,1,0,1,1,1,1,1,1]
w = [1,1,0,1,1,0,1,0,0,1,1,0,0,1,1,0,1,1,0,0]

q = 2
n = 21
M = [[0,1,1,0,0,0,0,1,0,0,0,1,1,1,1,0,1,0,0,0,0],[1,1,1,1,0,0,0,0,0,0,0,1,0,1,1,1,1,0,0,1,1],[1,0,1,1,1,1,0,0,0,1,1,1,0,1,0,0,0,0,0,1,1],[0,1,0,0,0,1,1,1,0,1,1,1,1,0,1,1,1,1,0,1,0],[1,0,1,1,0,1,1,0,1,0,0,1,1,1,1,1,1,0,1,1,1],[1,1,1,1,1,0,1,0,1,0,0,0,1,0,1,1,0,1,1,0,0],[0,1,1,1,0,0,0,0,1,0,1,0,1,1,1,0,0,0,1,1,1],[1,1,0,0,0,1,1,1,1,0,0,1,1,1,1,0,1,0,0,1,0],[1,0,0,0,0,1,1,0,0,0,1,1,0,0,0,1,1,0,1,1,0],[1,0,1,1,1,1,1,1,0,1,0,1,0,1,1,0,0,1,1,1,0],[0,0,1,1,0,0,0,1,1,0,0,1,1,0,1,1,0,0,1,0,0],[0,0,1,1,1,1,1,0,0,0,1,1,1,1,1,0,0,1,1,0,0],[0,0,1,1,0,0,0,0,0,0,1,0,0,0,1,0,0,0,0,1,0],[0,0,0,0,0,0,0,0,0,0,0,0,0,1,0,0,1,0,0,0,0],[1,0,1,1,1,1,1,0,0,0,0,0,0,1,0,1,1,1,0,1,0],[1,0,0,0,0,1,0,0,1,0,1,1,1,1,1,0,1,0,1,1,0],[1,0,1,1,1,1,1,0,1,0,0,0,0,0,1,0,0,1,0,1,0],[0,0,1,1,0,1,1,0,1,0,1,0,0,1,0,1,1,0,0,0,0],[0,0,1,1,0,1,1,0,0,1,0,0,1,0,0,1,1,0,1,1,1],[0,0,0,1,0,1,1,0,0,0,1,1,1,1,0,0,0,0,0,1,1],[1,1,0,0,1,0,1,0,0,0,1,0,1,1,0,0,0,1,1,1,0]]
v = [0,0,1,0,1,1,1,1,1,0,1,0,1,0,0,1,1,1,1,0,1]
w = [0,1,1,0,1,1,0,0,0,0,1,1,0,1,0,1,0,1,1,1,1]
