q = 3
n = 11
M = [[0,1,0,2,0,0,0,1,1,2,2],[2,2,2,0,1,0,0,0,1,0,2],[1,0,1,2,2,1,1,0,2,2,1],[0,2,1,0,1,0,0,0,2,1,2],[0,0,0,0,2,0,0,0,2,0,0],[2,1,1,2,1,1,1,2,1,2,2],[2,1,0,0,0,2,1,0,2,1,1],[1,2,0,0,0,2,2,1,1,1,1],[2,0,0,1,1,2,2,0,0,2,2],[0,2,2,0,1,1,0,0,2,0,1],[2,0,1,2,2,2,1,0,1,2,0]]
v = [1,1,1,0,2,0,2,1,2,2,2]
w = [2,2,2,0,1,0,1,2,1,1,1]

q = 3
n = 12
M = [[0,0,2,1,0,1,0,1,1,0,0,0],[0,0,1,1,0,0,0,0,2,2,0,2],[0,2,1,2,1,2,1,0,2,0,2,0],[1,0,1,1,0,0,0,2,0,1,2,1],[2,0,0,0,0,0,1,0,2,1,2,0],[1,0,0,0,2,1,2,1,1,2,1,1],[2,0,0,0,2,0,2,2,1,0,2,1],[0,1,0,0,0,0,1,2,0,0,0,2],[2,0,0,2,1,1,0,0,2,1,2,2],[1,1,1,0,1,1,0,1,1,1,0,2],[1,1,1,1,0,0,0,2,2,1,1,0],[0,2,0,0,1,0,2,1,2,1,0,2]]
v = [2,0,2,1,2,2,0,2,2,0,0,2]
w = [1,0,1,2,1,1,0,1,1,0,0,1]

q = 3
n = 13
M = [[2,0,1,0,0,2,0,2,1,1,0,1,1],[2,0,0,1,2,1,2,2,0,0,1,0,1],[1,1,0,0,0,1,2,0,2,0,1,0,1],[0,2,2,0,1,2,0,0,1,1,0,0,1],[0,0,0,0,1,0,1,0,0,0,0,0,1],[0,1,1,2,0,1,2,0,2,2,0,0,0],[0,0,0,2,0,0,2,0,0,0,0,0,1],[0,1,2,0,0,1,0,2,1,0,2,2,1],[2,0,0,0,0,0,1,0,0,0,2,0,0],[1,1,0,2,1,1,0,0,0,0,1,0,0],[1,1,0,2,1,1,2,1,0,0,0,2,2],[0,1,0,1,0,0,2,0,1,0,0,0,0],[0,0,2,1,0,0,2,0,0,1,0,0,1]]
v = [2,0,1,0,1,0,0,0,2,0,2,2,0]
w = [1,0,2,0,2,0,0,0,1,0,1,1,0]
