q = 5
n = 7
M = [[3,4,3,4,1,0,0],[3,0,0,0,0,0,1],[3,0,2,4,0,3,1],[1,1,3,4,1,0,3],[2,0,0,4,3,4,1],[3,0,1,0,0,2,1],[4,4,4,3,0,0,0]]
v = [4,1,0,1,1,0,1]
w = [1,4,0,4,4,0,4]

q = 5
n = 8
M = [[3,2,0,3,0,1,3,2],[0,2,3,3,4,3,2,0],[0,1,1,0,2,3,3,0],[0,2,1,0,0,1,0,0],[0,2,2,3,1,0,4,0],[2,1,4,2,3,1,0,1],[0,0,0,2,0,0,4,0],[3,2,3,2,0,4,3,4]]
v = [2,1,3,3,4,2,1,2]
w = [3,4,2,2,1,3,4,3]

q = 5
n = 9
M = [[3,4,3,3,3,4,2,3,4],[0,1,1,2,2,0,3,0,2],[0,0,2,4,2,2,0,0,0],[0,2,0,3,0,3,0,0,0],[0,1,1,4,4,2,1,4,3],[0,2,0,3,1,2,3,0,2],[4,4,4,2,1,2,2,4,0],[3,3,4,3,3,3,2,3,3],[0,1,4,3,2,3,1,0,4]]
v = [3,0,1,0,0,0,4,0,1]
w = [2,0,4,0,0,0,1,0,4]
